#graph_gen.py
# GMT Wed Oct 30 16:23:03 2024
# 
0 1 2 3 4 5 6 7 8 9 10 11 12 13 14 15
1 2 3 4 5 6 7 8 9 10 11 12 13 14 15
2 3 4 5 6 7 8 9 10 11 12 13 14 15
3 4 5 6 7 8 9 10 11 12 13 14 15
4 5 6 7 8 9 10 11 12 13 14 15
5 6 7 8 9 10 11 12 13 14 15
6 7 8 9 10 11 12 13 14 15
7 8 9 10 11 12 13 14 15
8 9 10 11 12 13 14 15
9 10 11 12 13 14 15
10 11 12 13 14 15
11 12 13 14 15
12 13 14 15
13 14 15
14 15
15 16
16 17
17 18
18 19
19 20
20 21 22 23 24 25 26 27 28 29 30 31 32 33 34 35
21 22 23 24 25 26 27 28 29 30 31 32 33 34 35
22 23 24 25 26 27 28 29 30 31 32 33 34 35
23 24 25 26 27 28 29 30 31 32 33 34 35
24 25 26 27 28 29 30 31 32 33 34 35
25 26 27 28 29 30 31 32 33 34 35
26 27 28 29 30 31 32 33 34 35
27 28 29 30 31 32 33 34 35
28 29 30 31 32 33 34 35
29 30 31 32 33 34 35
30 31 32 33 34 35
31 32 33 34 35
32 33 34 35
33 34 35
34 35
35
